2
0000000000000000000
1000000000000000000
0120022210000000000
0012000010000000000
0001200000000000000
0000122000000000000
0011000000000000000
0000002100000000000
0000000000000000000
0000000000000000000
0000000000000000000
0000000000000000000
0000000000000000000
0000000000000000000
0000000000000000000
0000000000000000000
0000000000000000000
0000000000000000000
0000000000000000000
0000000000000000000
0000000000000000000
0000022210000000000
0012000010000000000
0001200000000000000
0000122000000000000
0011010000000000000
0000002100000000000
0000000000000000000
0000000000000000000
0000000000000000000
0000000000000000000
0000000000000000000
0000002000000000000
0000002000000000000
0000002000000000000
0000002000000000000
0000002000000000000
0000000000000000000